MV101
1->2
FIT101 0.0 0.0 1.29963667881976
LIT101 499.39059499999996 0.14872906280833306 13174.661175168394
AIT201 263.82524666666666 22.42969288648886 23.300511368653552
AIT202 8.366735633333333 0.005048421091765549 0.007008180280209719
AIT203 349.7408716666667 2209.4205210953637 2068.5734037631382
FIT201 2.4458985833333333 7.004624842638886e-05 1.1312879873978827
DPIT301 18.847424608333334 17.48606979141507 45.577975713844175
FIT301 2.080716033333333 0.2688120876667489 0.6786045405766207
LIT301 832.9698666666667 1432.8111200188885 5082.999396390752
AIT401 128.96409333333335 2558.7288349779546 2619.7066408160736
AIT402 170.21404916666668 125.71342239599932 125.09890134477845
FIT401 1.7106515666666666 0.00017788248037888885 0.00016847072152497143
LIT401 868.8137633333333 165.7269235084889 3491.8800486876307
AIT501 7.8755983416666675 0.0005964670938415969 0.0006249637152943956
AIT502 158.10305333333332 140.3644770793222 139.37980779232046
AIT503 265.41084333333333 24.827832908788892 26.776781986254697
AIT504 11.716547583333332 0.7440062361533261 0.658163794532092
FIT501 1.7207970500000003 0.00019269854034749956 0.00018150010512397308
FIT502 1.2760439333333333 0.00046893687999555574 0.0004390185505515482
FIT503 0.7379807908333333 2.677325195899938e-05 2.480171925783719e-05
FIT504 0.3081392808333333 3.843214867549288e-06 3.6219382360864696e-06
PIT501 252.18587083333333 10.791847306565973 10.136229635486183
PIT502 1.17619272 0.03275875565372377 0.03560015593065864
PIT503 191.19256249999998 9.09977815784376 8.663351887381394
FIT601 6.248449166666667e-05 4.342695856166597e-09 0.02175972710046934
2->1
FIT101 2.5476424873949584 0.005940981543039758 1.29963667881976
LIT101 800.2776420168067 0.09476014327660491 13174.661175168394
AIT201 263.9201495798319 22.372418675272932 23.300511368653552
AIT202 8.435389571428571 0.004642428526412961 0.007008180280209719
AIT203 335.62133613445377 1933.7989830360889 2068.5734037631382
FIT201 0.0 0.0 1.1312879873978827
DPIT301 4.5105590252100844 33.803194191472656 45.577975713844175
FIT301 0.29783041352941175 0.5709328048338322 0.6786045405766207
LIT301 984.7850739495799 4400.242872380414 5082.999396390752
AIT401 128.7979850386555 2576.5112950327543 2619.7066408160736
AIT402 168.76668235294116 121.40335097926842 125.09890134477845
FIT401 1.709489193277311 0.00018481262897945063 0.00016847072152497143
LIT401 818.3270168067227 1968.916716628794 3491.8800486876307
AIT501 7.877980235294117 0.0005996550786001002 0.0006249637152943956
AIT502 156.5603756302521 136.16573686049855 139.37980779232046
AIT503 267.12311596638654 24.786567824198848 26.776781986254697
AIT504 11.802404117647061 0.7513500943922882 0.658163794532092
FIT501 1.7197045210084032 0.0001923132121487186 0.00018150010512397308
FIT502 1.2775284201680672 0.00043307671063018166 0.0004390185505515482
FIT503 0.7379895907563027 2.6472657570586825e-05 2.480171925783719e-05
FIT504 0.30837747815126043 3.17148561296798e-06 3.6219382360864696e-06
PIT501 252.09249495798318 10.497128037285508 10.136229635486183
PIT502 1.1695192159663872 0.037915321290807734 0.03560015593065864
PIT503 191.10968907563026 8.95319409828402 8.663351887381394
FIT601 5.977844537815125e-05 3.7077391251209665e-09 0.02175972710046934
P101
1->2
FIT101 0.12262097609917355 0.2652335829589339 1.29963667881976
LIT101 811.4836190082646 43.252478091291536 13174.661175168394
AIT201 263.9588636363636 22.246164227768602 23.300511368653552
AIT202 8.433731487603305 0.004136558080101092 0.007008180280209719
AIT203 339.3308776859504 2000.6145138455352 2068.5734037631382
FIT201 0.0 0.0 1.1312879873978827
DPIT301 19.85690818181818 0.1484234736049586 45.577975713844175
FIT301 2.211205157024794 0.0006349592981158389 0.6786045405766207
LIT301 796.2668958677685 0.44784291709036456 5082.999396390752
AIT401 126.66960837355374 2803.6238226457945 2619.7066408160736
AIT402 169.5797462809917 126.31144507835393 125.09890134477845
FIT401 1.7094964462809918 0.0001928514457016594 0.00016847072152497143
LIT401 826.3218099173554 1806.8871795370912 3491.8800486876307
AIT501 7.875877520661157 0.0005734861156545325 0.0006249637152943956
AIT502 157.2137685950413 139.37104049901373 139.37980779232046
AIT503 266.482847107438 25.81904314745031 26.776781986254697
AIT504 11.773205289256198 0.7387041047769822 0.658163794532092
FIT501 1.719272049586777 0.00020390838667522741 0.00018150010512397308
FIT502 1.277457090909091 0.0004394795095041322 0.0004390185505515482
FIT503 0.7381752776859504 2.6234976275617758e-05 2.480171925783719e-05
FIT504 0.3084243421487603 3.7856094830994777e-06 3.6219382360864696e-06
PIT501 252.10928099173555 10.342075373109763 10.136229635486183
PIT502 1.1777251049586777 0.036039948217971046 0.03560015593065864
PIT503 191.1266909090909 8.79918249008265 8.663351887381394
FIT601 5.773107438016529e-05 3.760090771242402e-09 0.02175972710046934
2->1
FIT101 2.51431773553719 0.05888130933873997 1.29963667881976
LIT101 534.4220842975207 1232.4149651512414 13174.661175168394
AIT201 263.74647603305783 22.71236211289667 23.300511368653552
AIT202 8.37322290909091 0.005703080619322329 0.007008180280209719
AIT203 347.23179834710743 2164.3420523378486 2068.5734037631382
FIT201 2.4458722148760335 7.315800307779557e-05 1.1312879873978827
DPIT301 2.4175101885950414 5.234001675993469 45.577975713844175
FIT301 0.04381596909090909 0.08130930341086832 0.6786045405766207
LIT301 999.6433752066115 0.062259760872884054 5082.999396390752
AIT401 126.66889427024796 2803.6040223390396 2619.7066408160736
AIT402 170.60109586776855 125.69234149956971 125.09890134477845
FIT401 1.7129247768595037 0.00017912557921467086 0.00016847072152497143
LIT401 979.9632809917356 1158.2399149633577 3491.8800486876307
AIT501 7.878814363636365 0.0006285608218181849 0.0006249637152943956
AIT502 158.59358347107437 140.96563891228877 139.37980779232046
AIT503 267.02572561983476 22.592692917608073 26.776781986254697
AIT504 11.777018925619837 0.6836242782608288 0.658163794532092
FIT501 1.7230027933884298 0.00020299550634574154 0.00018150010512397308
FIT502 1.280203082644628 0.0003692538003568058 0.0004390185505515482
FIT503 0.7378663181818182 2.6229169109256186e-05 2.480171925783719e-05
FIT504 0.3076408578512396 4.102052872190405e-06 3.6219382360864696e-06
PIT501 252.65983966942147 10.859165292475907 10.136229635486183
PIT502 1.1973185429752067 0.03252137297384261 0.03560015593065864
PIT503 191.61766694214873 9.257117534279086 8.663351887381394
FIT601 0.08553387298347108 0.13232475045578962 0.02175972710046934
MV201
1->2
FIT101 0.18730099752066115 0.41488509853976596 1.29963667881976
LIT101 811.2374024793388 51.40565119627481 13174.661175168394
AIT201 263.9591305785124 22.252232284767434 23.300511368653552
AIT202 8.433509008264464 0.004128249075892498 0.007008180280209719
AIT203 339.2976157024793 2000.7865532709106 2068.5734037631382
FIT201 0.0 0.0 1.1312879873978827
DPIT301 19.82595388429752 0.4006257477840858 45.577975713844175
FIT301 2.2115079421487605 0.0006960039942859089 0.6786045405766207
LIT301 799.5893809917357 0.07784774335769037 5082.999396390752
AIT401 126.66937035702482 2803.6132885528004 2619.7066408160736
AIT402 169.5460603305785 126.40595047958338 125.09890134477845
FIT401 1.709245438016529 0.00018679318368417446 0.00016847072152497143
LIT401 825.733919834711 1816.082367378119 3491.8800486876307
AIT501 7.875935776859504 0.0005711001853469039 0.0006249637152943956
AIT502 157.16800743801653 139.48276897093646 139.37980779232046
AIT503 266.5042958677686 25.81223430866064 26.776781986254697
AIT504 11.772887685950414 0.7307539272442316 0.658163794532092
FIT501 1.7192307190082645 0.00020047974595410132 0.00018150010512397308
FIT502 1.2752541900826446 0.00043319019400519105 0.0004390185505515482
FIT503 0.738212311570248 2.7606338620361948e-05 2.480171925783719e-05
FIT504 0.3085148694214876 4.012756133197158e-06 3.6219382360864696e-06
PIT501 252.0847834710744 10.341889077247455 10.136229635486183
PIT502 1.1737534512396695 0.03379156839772894 0.03560015593065864
PIT503 191.10749338842976 8.783509755328183 8.663351887381394
FIT601 5.7731471074380154e-05 3.4207789736045347e-09 0.02175972710046934
2->1
FIT101 2.514127190082644 0.058593296025360564 1.29963667881976
LIT101 534.3455157024794 1231.4613041818195 13174.661175168394
AIT201 263.74515206611574 22.704594859520533 23.300511368653552
AIT202 8.373109024793388 0.005669297858272128 0.007008180280209719
AIT203 347.2349760330578 2166.0992119479374 2068.5734037631382
FIT201 2.4457938347107437 7.21743299065636e-05 1.1312879873978827
DPIT301 2.4266905770247935 5.227547878695088 45.577975713844175
FIT301 0.04357033716528925 0.08127179232890219 0.6786045405766207
LIT301 1000.5861074380164 0.10757864134966262 5082.999396390752
AIT401 126.66889427024796 2803.6040223390396 2619.7066408160736
AIT402 170.6080892561983 125.57057568509117 125.09890134477845
FIT401 1.712908900826446 0.0001780310745356186 0.00016847072152497143
LIT401 979.452290909091 1156.5840512178513 3491.8800486876307
AIT501 7.878835570247935 0.0006326984795673835 0.0006249637152943956
AIT502 158.59442892561984 141.36445575147735 139.37980779232046
AIT503 267.0151314049587 22.607490422980653 26.776781986254697
AIT504 11.779243388429752 0.6706797354207497 0.658163794532092
FIT501 1.7230292892561985 0.00020428500906509106 0.00018150010512397308
FIT502 1.2794737272727272 0.00038874959692562034 0.0004390185505515482
FIT503 0.7378684338842975 2.618975304356257e-05 2.480171925783719e-05
FIT504 0.3077091512396694 3.733844300514978e-06 3.6219382360864696e-06
PIT501 252.65825041322316 10.861333548946106 10.136229635486183
PIT502 1.1938764669421487 0.03356284122824519 0.03560015593065864
PIT503 191.62230578512396 9.181209009140098 8.663351887381394
FIT601 0.08502920497520661 0.13419932331891568 0.02175972710046934
P203
1->2
FIT101 0.05784832652892562 0.13093057296694488 1.29963667881976
LIT101 811.4482603305785 37.980189159583375 13174.661175168394
AIT201 265.1237991735537 21.79241617826379 23.300511368653552
AIT202 8.432372950413223 0.004213365717319854 0.007008180280209719
AIT203 340.5948049586777 1942.1056696525375 2068.5734037631382
FIT201 1.8758574958677685 0.008255115004845026 1.1312879873978827
DPIT301 19.87185595041322 0.10272397284723735 45.577975713844175
FIT301 2.2106895371900825 0.0006334253953891132 0.6786045405766207
LIT301 792.4349661157024 0.8761268014138404 5082.999396390752
AIT401 126.66964804297525 2803.625583458102 2619.7066408160736
AIT402 169.59754132231402 126.25131278887098 125.09890134477845
FIT401 1.7092888347107438 0.00017430843180739027 0.00016847072152497143
LIT401 826.9538867768595 1802.8194675297427 3491.8800486876307
AIT501 7.875882801652892 0.000568335535101152 0.0006249637152943956
AIT502 157.23262727272729 139.29666199206613 139.37980779232046
AIT503 266.4730487603306 25.780469713242272 26.776781986254697
AIT504 11.764942892561985 0.7453500697808891 0.658163794532092
FIT501 1.7190814049586773 0.00018626894224096707 0.00018150010512397308
FIT502 1.27534420661157 0.0005050594491391303 0.0004390185505515482
FIT503 0.7381340198347108 2.601510020274704e-05 2.480171925783719e-05
FIT504 0.30847251900826445 3.5755222534403153e-06 3.6219382360864696e-06
PIT501 252.08518181818187 10.658394542314051 10.136229635486183
PIT502 1.174150666942149 0.03469348956595873 0.03560015593065864
PIT503 191.1015347107438 9.14824264772079 8.663351887381394
FIT601 5.561285950413222e-05 3.4572706325174515e-09 0.02175972710046934
2->1
FIT101 2.514905380165289 0.0586097222679216 1.29963667881976
LIT101 534.3400016528926 1231.5052703965262 13174.661175168394
AIT201 263.74515206611574 22.704594859520533 23.300511368653552
AIT202 8.373109024793388 0.005669297858272128 0.007008180280209719
AIT203 347.2349760330578 2166.0992119479374 2068.5734037631382
FIT201 2.4458023140495864 7.22608857360835e-05 1.1312879873978827
DPIT301 2.4266905770247935 5.227547878695088 45.577975713844175
FIT301 0.04357033716528925 0.08127179232890219 0.6786045405766207
LIT301 1000.6013388429752 0.1114418273342268 5082.999396390752
AIT401 126.66889427024796 2803.6040223390396 2619.7066408160736
AIT402 170.6080892561983 125.57057568509117 125.09890134477845
FIT401 1.712894074380165 0.00017835104370521085 0.00016847072152497143
LIT401 979.4402148760331 1156.2924415696962 3491.8800486876307
AIT501 7.878835570247935 0.0006326984795673835 0.0006249637152943956
AIT502 158.597605785124 141.3593942506277 139.37980779232046
AIT503 267.0151314049587 22.607490422980653 26.776781986254697
AIT504 11.779243388429752 0.6706797354207497 0.658163794532092
FIT501 1.72300173553719 0.00020478995240939818 0.00018150010512397308
FIT502 1.2792535454545455 0.00039226593664462854 0.0004390185505515482
FIT503 0.7378684338842975 2.618975304356257e-05 2.480171925783719e-05
FIT504 0.3077091512396694 3.733844300514978e-06 3.6219382360864696e-06
PIT501 252.65758842975205 10.856844995733896 10.136229635486183
PIT502 1.1938764669421487 0.03356284122824519 0.03560015593065864
PIT503 191.62098099173554 9.172517552118032 8.663351887381394
FIT601 0.08502920497520661 0.13419932331891568 0.02175972710046934
P205
1->2
FIT101 0.42799955846715326 0.9091812032252664 1.29963667881976
LIT101 761.0267452554746 12338.00427201547 13174.661175168394
AIT201 264.34570656934306 24.01633052251159 23.300511368653552
AIT202 8.410594437956204 0.0009740186733264384 0.007008180280209719
AIT203 349.40694744525547 2087.3784704442455 2068.5734037631382
FIT201 1.9756338832116787 0.05481961634988417 1.1312879873978827
DPIT301 19.25287081021898 8.615742551015702 45.577975713844175
FIT301 2.1679497036496356 0.07408547760658912 0.6786045405766207
LIT301 813.7123335766423 2669.6643087511343 5082.999396390752
AIT401 111.87611250510952 4131.238104565306 2619.7066408160736
AIT402 171.57532262773725 143.15600268905004 125.09890134477845
FIT401 1.708208306569343 0.00016533462116148987 0.00016847072152497143
LIT401 840.74680729927 2805.269602758925 3491.8800486876307
AIT501 7.873255576642337 0.0005685544240543428 0.0006249637152943956
AIT502 159.14897591240876 152.43300342577015 139.37980779232046
AIT503 266.82752189781024 24.277869161856266 26.776781986254697
AIT504 11.710360875912409 0.695902626053247 0.658163794532092
FIT501 1.7179621386861315 0.00017711776879098502 0.00018150010512397308
FIT502 1.2750769999999998 0.00044592136417518285 0.0004390185505515482
FIT503 0.7385955919708029 2.5187083065264e-05 2.480171925783719e-05
FIT504 0.3086233036496351 3.425296302687389e-06 3.6219382360864696e-06
PIT501 252.4456802919708 10.645426037494808 10.136229635486183
PIT502 1.1679815510948903 0.03536113496903257 0.03560015593065864
PIT503 191.45860291970803 9.235100410356445 8.663351887381394
FIT601 0.00018101289051094887 2.0467954292481708e-06 0.02175972710046934
2->1
FIT101 2.365683897058824 0.40225280782151884 1.29963667881976
LIT101 536.6406110294118 1753.6582326892164 13174.661175168394
AIT201 263.2509860294117 22.484976204731304 23.300511368653552
AIT202 8.482934455882354 0.05453587621457157 0.007008180280209719
AIT203 366.69557279411765 4757.394600119333 2068.5734037631382
FIT201 2.446981963235294 8.768678697658969e-05 1.1312879873978827
DPIT301 5.636117322205882 49.71048699682714 45.577975713844175
FIT301 0.4441767005588235 0.7708226283068529 0.6786045405766207
LIT301 979.3921970588235 2689.804338399844 5082.999396390752
AIT401 112.69806034338237 4068.8688754006803 2619.7066408160736
AIT402 172.30254411764707 137.0658558193772 125.09890134477845
FIT401 1.7114098602941177 0.0001813196774143051 0.00016847072152497143
LIT401 965.3647455882353 2332.9935728989512 3491.8800486876307
AIT501 7.875692441176471 0.000650923959305367 0.0006249637152943956
AIT502 160.11995441176467 146.18686851027468 139.37980779232046
AIT503 267.424830882353 23.02205690713451 26.776781986254697
AIT504 11.723804191176471 0.6328170704199337 0.658163794532092
FIT501 1.7214194558823532 0.0002078805241598184 0.00018150010512397308
FIT502 1.2765495220588234 0.0004130197618377489 0.0004390185505515482
FIT503 0.7383978808823529 2.6184810458163903e-05 2.480171925783719e-05
FIT504 0.3079554683823529 3.955520688044431e-06 3.6219382360864696e-06
PIT501 252.92239852941177 10.39326171573313 10.136229635486183
PIT502 1.1818700154411763 0.034323824422473954 0.03560015593065864
PIT503 191.88754779411764 8.863141994848082 8.663351887381394
FIT601 0.07508184116176471 0.12014795959400516 0.02175972710046934
MV301
1->2
FIT101 2.5291175491803277 0.05890460514344431 1.29963667881976
LIT101 510.32542622950825 1059.5209867368533 13174.661175168394
AIT201 263.7963745901639 22.550647472223183 23.300511368653552
AIT202 8.354657491803279 0.0002481844313155031 0.007008180280209719
AIT203 348.2173532786885 1872.3542856023255 2068.5734037631382
FIT201 2.4244375000000002 0.04865767483138115 1.1312879873978827
DPIT301 3.8844293122950817 0.35001523941441076 45.577975713844175
FIT301 0.25264791639344264 0.0018619956810492391 0.6786045405766207
LIT301 864.199536885246 1111.181398998885 5082.999396390752
AIT401 126.84996721311478 2784.965931385153 2619.7066408160736
AIT402 170.77588114754099 127.09896465169376 125.09890134477845
FIT401 1.7119516803278687 0.00018139653797158013 0.00016847072152497143
LIT401 926.0267467213116 463.4732935615057 3491.8800486876307
AIT501 7.875390483606558 0.0005973892784300592 0.0006249637152943956
AIT502 158.72958196721314 140.2755392801666 139.37980779232046
AIT503 264.53966967213114 22.35324724867039 26.776781986254697
AIT504 11.631002950819674 0.6839354739273581 0.658163794532092
FIT501 1.7225406639344263 0.0001924033966165677 0.00018150010512397308
FIT502 1.2787294754098362 0.0004589094569543139 0.0004390185505515482
FIT503 0.7378282385245902 2.638400502236837e-05 2.480171925783719e-05
FIT504 0.3078032385245902 3.7083145484338816e-06 3.6219382360864696e-06
PIT501 252.35871393442622 10.71927317775665 10.136229635486183
PIT502 1.1905243967213115 0.035501260786166056 0.03560015593065864
PIT503 191.33006557377053 9.168697958814844 8.663351887381394
FIT601 6.25107868852459e-05 3.1273310234463854e-09 0.02175972710046934
2->1
FIT101 2.5099561147540985 0.05892073102579012 1.29963667881976
LIT101 510.9743893442623 1133.8836219421003 13174.661175168394
AIT201 263.79453606557377 22.628632024273056 23.300511368653552
AIT202 8.355687024590164 0.00025531938225349275 0.007008180280209719
AIT203 347.6802967213115 1796.3598272973659 2068.5734037631382
FIT201 2.3376882397704914 0.23712824263901822 1.1312879873978827
DPIT301 0.03442633237704918 4.020382862268206e-05 45.577975713844175
FIT301 0.0016423368852459019 3.7404548784245955e-05 0.6786045405766207
LIT301 881.8051647540983 1117.6885611906432 5082.999396390752
AIT401 126.84961311475412 2784.9503812195 2619.7066408160736
AIT402 170.7462581967213 127.25189285915415 125.09890134477845
FIT401 1.711823557377049 0.00017910931911556012 0.00016847072152497143
LIT401 916.3321934426228 462.8860382066783 3491.8800486876307
AIT501 7.87540893442623 0.0006024046082088122 0.0006249637152943956
AIT502 158.75669016393442 140.5052690687557 139.37980779232046
AIT503 264.4958106557377 22.209983891443848 26.776781986254697
AIT504 11.63636106557377 0.6845445715914873 0.658163794532092
FIT501 1.721711786885246 0.0001902394990857303 0.00018150010512397308
FIT502 1.2771430737704919 0.0005199528249699675 0.0004390185505515482
FIT503 0.7377138459016394 2.481224703576186e-05 2.480171925783719e-05
FIT504 0.3078494426229509 3.3821300668718004e-06 3.6219382360864696e-06
PIT501 252.28608524590166 10.534958252241331 10.136229635486183
PIT502 1.1896052827868855 0.03593260223481388 0.03560015593065864
PIT503 191.2862024590164 8.954967348600514 8.663351887381394
FIT601 1.7369276393442623 6.795649689599629e-06 0.02175972710046934
MV302
1->2
FIT101 1.4081810987124461 1.601848897677445 1.29963667881976
LIT101 650.0015832618026 22032.111159428347 13174.661175168394
AIT201 263.84535021459226 23.004676047821835 23.300511368653552
AIT202 8.403003751072962 0.006995901958624735 0.007008180280209719
AIT203 341.24649270386266 1819.7601979185301 2068.5734037631382
FIT201 1.1855333261802576 1.4925935081919623 1.1312879873978827
DPIT301 9.742302446351932 0.016004919090925246 45.577975713844175
FIT301 2.2308132832618024 0.0004888394813446557 0.6786045405766207
LIT301 954.0996901287554 2388.0857267059546 5082.999396390752
AIT401 127.72967645150214 2691.7511159859396 2619.7066408160736
AIT402 169.7495858369099 126.52641190473501 125.09890134477845
FIT401 1.709589763948498 0.00017805565548505237 0.00016847072152497143
LIT401 837.551177253219 2667.2803149596975 3491.8800486876307
AIT501 7.8764275665236045 0.0006125161935073789 0.0006249637152943956
AIT502 157.73374206008586 140.63454908432539 139.37980779232046
AIT503 265.55629356223176 24.348993850816925 26.776781986254697
AIT504 11.665546566523604 0.6519685243349921 0.658163794532092
FIT501 1.7195057682403432 0.00018965789279607291 0.00018150010512397308
FIT502 1.2757957939914166 0.0004391242019575607 0.0004390185505515482
FIT503 0.7382216115879827 2.4662958529264874e-05 2.480171925783719e-05
FIT504 0.3082840553648069 3.883044656634286e-06 3.6219382360864696e-06
PIT501 252.25278283261798 10.182404692065798 10.136229635486183
PIT502 1.1831348347639485 0.0363174437443935 0.03560015593065864
PIT503 191.2440879828326 8.714105956507945 8.663351887381394
FIT601 5.803475107296137e-05 4.368789574968079e-09 0.02175972710046934
2->1
FIT101 2.4529855965665237 0.21976375897406897 1.29963667881976
LIT101 527.0550369098712 2031.6911058292817 13174.661175168394
AIT201 263.7793412017167 23.17285318559856 23.300511368653552
AIT202 8.363922115879829 0.003198684678248372 0.007008180280209719
AIT203 347.1655214592274 1967.9284893961915 2068.5734037631382
FIT201 2.4349467339055795 0.025634770355929194 1.1312879873978827
DPIT301 19.513484463519315 0.15013945163672926 45.577975713844175
FIT301 2.211665407725322 0.00044598306146036957 0.6786045405766207
LIT301 912.7562072961373 4349.374752380848 5082.999396390752
AIT401 127.72963522188842 2691.7555095992934 2619.7066408160736
AIT402 170.78112489270384 124.94928745122586 125.09890134477845
FIT401 1.7124641158798284 0.0001708776846260571 0.00016847072152497143
LIT401 961.1208884120173 1629.6760999477192 3491.8800486876307
AIT501 7.877083540772532 0.0006298255673127172 0.0006249637152943956
AIT502 158.81984806866953 139.4262545564018 139.37980779232046
AIT503 265.6920227467811 24.714127450598454 26.776781986254697
AIT504 11.678253862660945 0.6657309597455947 0.658163794532092
FIT501 1.7226237124463517 0.0001852951136469263 0.00018150010512397308
FIT502 1.2778765364806866 0.00046684097071218836 0.0004390185505515482
FIT503 0.7380545703862661 2.4769625823801174e-05 2.480171925783719e-05
FIT504 0.30773477467811156 3.882043030303005e-06 3.6219382360864696e-06
PIT501 252.67930901287554 10.320972738931642 10.136229635486183
PIT502 1.1966099669527896 0.03451639795768257 0.03560015593065864
PIT503 191.6308017167382 8.779948657507784 8.663351887381394
FIT601 5.996123605150214e-05 3.1725016406352667e-09 0.02175972710046934
MV303
1->2
FIT101 2.530464278688524 0.05902866167934857 1.29963667881976
LIT101 510.3183491803278 1060.736603728237 13174.661175168394
AIT201 263.7963745901639 22.550647472223183 23.300511368653552
AIT202 8.354633860655738 0.000247599253431399 0.007008180280209719
AIT203 348.2278606557377 1872.9710645841897 2068.5734037631382
FIT201 2.424508918032787 0.048660684056108024 1.1312879873978827
DPIT301 4.42950418852459 0.319214543995071 45.577975713844175
FIT301 0.3519872483606557 0.003009124272754628 0.6786045405766207
LIT301 864.0951327868852 1112.0836669389246 5082.999396390752
AIT401 126.84996721311478 2784.965931385153 2619.7066408160736
AIT402 170.77819344262292 127.09234930553079 125.09890134477845
FIT401 1.7120157377049179 0.00018130487755415182 0.00016847072152497143
LIT401 926.0223336065575 463.6124012617394 3491.8800486876307
AIT501 7.87542724590164 0.0005964475486772373 0.0006249637152943956
AIT502 158.72874180327872 140.35456962751476 139.37980779232046
AIT503 264.5391450819672 22.341252688377452 26.776781986254697
AIT504 11.636676065573772 0.6875462237435365 0.658163794532092
FIT501 1.7224534508196723 0.0001935529920836464 0.00018150010512397308
FIT502 1.2792680901639344 0.0004397192750820346 0.0004390185505515482
FIT503 0.7378397803278689 2.6598452438629447e-05 2.480171925783719e-05
FIT504 0.307754406557377 3.7478206179897776e-06 3.6219382360864696e-06
PIT501 252.35516721311475 10.774232684498788 10.136229635486183
PIT502 1.191049610655738 0.03445655587424226 0.03560015593065864
PIT503 191.33348032786887 9.180681095350717 8.663351887381394
FIT601 6.040993442622951e-05 2.8471124344219293e-09 0.02175972710046934
2->1
FIT101 2.5312492213114752 0.058962151969664145 1.29963667881976
LIT101 513.7117811475409 1396.6714749007108 13174.661175168394
AIT201 263.79086065573773 22.59224315189467 23.300511368653552
AIT202 8.363739860655738 0.0025130712994641956 0.007008180280209719
AIT203 346.42819836065576 1682.380428357702 2068.5734037631382
FIT201 2.2643570655737704 0.4084412169836186 1.1312879873978827
DPIT301 2.8538696147540987 0.009950218345056501 45.577975713844175
FIT301 0.39175406393442613 0.0008487432713024701 0.6786045405766207
LIT301 906.72785 823.6790270638111 5082.999396390752
AIT401 126.84977049180331 2784.9572930647005 2619.7066408160736
AIT402 170.70486311475406 126.51806561904931 125.09890134477845
FIT401 1.7116522950819673 0.00018289701465063144 0.00016847072152497143
LIT401 895.3186631147541 468.96929793986897 3491.8800486876307
AIT501 7.875380008196721 0.0006028627165327211 0.0006249637152943956
AIT502 158.71487540983608 141.2240935262806 139.37980779232046
AIT503 264.4348762295082 22.18012807722184 26.776781986254697
AIT504 11.613037704918034 0.6723434173701424 0.658163794532092
FIT501 1.7218441639344262 0.00018796251246492872 0.00018150010512397308
FIT502 1.2781866557377048 0.0005243250635864014 0.0004390185505515482
FIT503 0.7378471270491804 2.590185455590778e-05 2.480171925783719e-05
FIT504 0.30789775245901646 3.6036950657726293e-06 3.6219382360864696e-06
PIT501 252.28517049180326 10.6764432888014 10.136229635486183
PIT502 1.1924939204918035 0.034696879727082776 0.03560015593065864
PIT503 191.26532213114757 9.103846438772509 8.663351887381394
FIT601 6.775995081967213e-05 6.279634118112336e-09 0.02175972710046934
MV304
1->2
FIT101 1.853718989270386 1.0874146562941054 1.29963667881976
LIT101 645.080330472103 21763.08144241122 13174.661175168394
AIT201 263.8332489270386 22.997074431425883 23.300511368653552
AIT202 8.394565278969958 0.004136596336012302 0.007008180280209719
AIT203 341.88757596566523 1918.6470713607098 2068.5734037631382
FIT201 1.2123577509012877 1.4872873480595126 1.1312879873978827
DPIT301 1.195363731201717 1.0115927211408307 45.577975713844175
FIT301 0.17342612553218884 0.02745521413118966 0.6786045405766207
LIT301 945.2754557939913 4471.372903908647 5082.999396390752
AIT401 127.72953216223178 2691.7634318979685 2619.7066408160736
AIT402 169.9002025751073 126.51441814136676 125.09890134477845
FIT401 1.7100385922746784 0.00017394112125436082 0.00016847072152497143
LIT401 859.2493068669528 3478.252702966733 3491.8800486876307
AIT501 7.876666879828326 0.0006153902653503665 0.0006249637152943956
AIT502 157.86092489270388 140.4420024206679 139.37980779232046
AIT503 265.563303862661 24.39113765977047 26.776781986254697
AIT504 11.666041802575108 0.6650581212267934 0.658163794532092
FIT501 1.7200839184549355 0.00018274986069292113 0.00018150010512397308
FIT502 1.2762542832618027 0.0004403684724176168 0.0004390185505515482
FIT503 0.7381633716738197 2.6346077089583874e-05 2.480171925783719e-05
FIT504 0.3082634369098713 3.629375646878003e-06 3.6219382360864696e-06
PIT501 252.31280472103006 10.367076110578566 10.136229635486183
PIT502 1.181553515450644 0.03580666916242912 0.03560015593065864
PIT503 191.30562746781118 8.843771237786294 8.663351887381394
FIT601 0.206132618472103 0.039395018596992355 0.02175972710046934
2->1
FIT101 1.4038030729613733 1.5926981417271664 1.29963667881976
LIT101 650.2985875536481 22049.18538971637 13174.661175168394
AIT201 263.8443892703863 22.946938484133796 23.300511368653552
AIT202 8.404478012875536 0.007584242216124307 0.007008180280209719
AIT203 341.23405965665233 1813.6568106757113 2068.5734037631382
FIT201 1.1857088025751072 1.493036312628004 1.1312879873978827
DPIT301 12.437105493562232 0.05025795747625857 45.577975713844175
FIT301 2.282756939914163 0.0005755368199620554 0.6786045405766207
LIT301 952.367722746781 2206.6741814694824 5082.999396390752
AIT401 127.72965585064378 2691.7502527632564 2619.7066408160736
AIT402 169.72813261802577 126.43807281902191 125.09890134477845
FIT401 1.7095407939914162 0.00017127283506485617 0.00016847072152497143
LIT401 834.8128442060085 2662.061405354483 3491.8800486876307
AIT501 7.876331296137339 0.0006118806590410607 0.0006249637152943956
AIT502 157.70436480686695 140.60380032459835 139.37980779232046
AIT503 265.55477811158795 24.418981722568102 26.776781986254697
AIT504 11.670002532188843 0.6696173161510985 0.658163794532092
FIT501 1.719388060085837 0.00019023313900068116 0.00018150010512397308
FIT502 1.2751624377682402 0.00044334017533625644 0.0004390185505515482
FIT503 0.7384227244635192 2.6130580673865107e-05 2.480171925783719e-05
FIT504 0.3083871519313304 3.443022312109991e-06 3.6219382360864696e-06
PIT501 252.23517424892702 10.278388620538598 10.136229635486183
PIT502 1.177222261802575 0.03832173283203644 0.03560015593065864
PIT503 191.2312270386266 8.792181441972778 8.663351887381394
FIT601 5.3909905579399136e-05 3.297537517604818e-09 0.02175972710046934
P301
1->2
FIT101 2.4411490000000002 0.0 1.29963667881976
LIT101 494.5063 0.0 13174.661175168394
AIT201 255.7677 0.0 23.300511368653552
AIT202 8.345809 0.0 0.007008180280209719
AIT203 330.3512 0.0 2068.5734037631382
FIT201 2.440265 0.0 1.1312879873978827
DPIT301 19.71637 0.0 45.577975713844175
FIT301 2.2083720000000002 0.0 0.6786045405766207
LIT301 832.0783 0.0 5082.999396390752
AIT401 148.8128 0.0 2619.7066408160736
AIT402 186.2599 0.0 125.09890134477845
FIT401 1.7101849999999998 0.0 0.00016847072152497143
LIT401 885.1577 0.0 3491.8800486876307
AIT501 7.8424119999999995 0.0 0.0006249637152943956
AIT502 173.5709 0.0 139.37980779232046
AIT503 256.3766 0.0 26.776781986254697
AIT504 11.18944 0.0 0.658163794532092
FIT501 1.7202 0.0 0.00018150010512397308
FIT502 1.260792 0.0 0.0004390185505515482
FIT503 0.7393656 0.0 2.480171925783719e-05
FIT504 0.30836240000000004 0.0 3.6219382360864696e-06
PIT501 252.0668 0.0 10.136229635486183
PIT502 1.601897 0.0 0.03560015593065864
PIT503 191.4093 0.0 8.663351887381394
FIT601 0.000128152 0.0 0.02175972710046934
2->1
FIT101 2.626589 0.0 1.29963667881976
LIT101 495.3698 0.0 13174.661175168394
AIT201 255.7677 0.0 23.300511368653552
AIT202 8.34677 0.0 0.007008180280209719
AIT203 330.0436 0.0 2068.5734037631382
FIT201 2.4421880000000002 0.0 1.1312879873978827
DPIT301 19.62033 0.0 45.577975713844175
FIT301 2.208884 0.0 0.6786045405766207
LIT301 833.4001 0.0 5082.999396390752
AIT401 148.8128 0.0 2619.7066408160736
AIT402 186.2343 0.0 125.09890134477845
FIT401 1.714798 0.0 0.00016847072152497143
LIT401 885.9267 0.0 3491.8800486876307
AIT501 7.8424119999999995 0.0 0.0006249637152943956
AIT502 173.5709 0.0 139.37980779232046
AIT503 256.3125 0.0 26.776781986254697
AIT504 11.11254 0.0 0.658163794532092
FIT501 1.725583 0.0 0.00018150010512397308
FIT502 1.2812860000000001 0.0 0.0004390185505515482
FIT503 0.7379573 0.0 2.480171925783719e-05
FIT504 0.30836240000000004 0.0 3.6219382360864696e-06
PIT501 252.1469 0.0 10.136229635486183
PIT502 1.5378209999999999 0.0 0.03560015593065864
PIT503 191.5054 0.0 8.663351887381394
FIT601 0.000128152 0.0 0.02175972710046934
P302
1->2
FIT101 1.564495600457265 1.436787119317108 1.29963667881976
LIT101 646.7681957264958 21870.244643414768 13174.661175168394
AIT201 263.7990551282051 23.14746736238823 23.300511368653552
AIT202 8.39821303846154 0.004973632066062624 0.007008180280209719
AIT203 341.3216435897436 1851.396385483741 2068.5734037631382
FIT201 1.1910411068376068 1.4932778135073947 1.1312879873978827
DPIT301 2.3758456134188037 1.8098324243246955 45.577975713844175
FIT301 0.2151427261923077 0.05515202188876833 0.6786045405766207
LIT301 955.4891658119659 3202.2821148547287 5082.999396390752
AIT401 127.81983672564103 2682.160251570691 2619.7066408160736
AIT402 169.93199102564105 126.79171042269725 125.09890134477845
FIT401 1.7098666794871797 0.0001782224389699213 0.00016847072152497143
LIT401 848.8995282051284 2664.738634377923 3491.8800486876307
AIT501 7.876402717948718 0.0006155145354674566 0.0006249637152943956
AIT502 157.88303547008545 141.27529713092136 139.37980779232046
AIT503 265.5028205128205 24.6225173212886 26.776781986254697
AIT504 11.660554230769232 0.6584144911919296 0.658163794532092
FIT501 1.7199261495726494 0.00018481464336651677 0.00018150010512397308
FIT502 1.2765724743589746 0.0004536570296083168 0.0004390185505515482
FIT503 0.7381083235042736 2.6130040743336485e-05 2.480171925783719e-05
FIT504 0.30825072264957265 3.4379723132049263e-06 3.6219382360864696e-06
PIT501 252.2799863247863 10.277681683231794 10.136229635486183
PIT502 1.1851297363247866 0.03653905301364993 0.03560015593065864
PIT503 191.27190641025638 8.778811093505917 8.663351887381394
FIT601 6.682331196581197e-05 4.80001836479584e-09 0.02175972710046934
2->1
FIT101 2.452375235042735 0.21889270613339343 1.29963667881976
LIT101 526.9132555555556 2040.2899921348621 13174.661175168394
AIT201 263.7444183760684 23.359336891243522 23.300511368653552
AIT202 8.363850170940172 0.0032095941271160734 0.007008180280209719
AIT203 347.1143717948718 1964.9637338662126 2068.5734037631382
FIT201 2.435061474358974 0.025527841094283524 1.1312879873978827
DPIT301 19.901837606837606 0.07926298175153774 45.577975713844175
FIT301 2.211980341880342 0.00044144375044722023 0.6786045405766207
LIT301 912.3020525641026 4358.751028491211 5082.999396390752
AIT401 127.81979575512823 2682.146318512956 2619.7066408160736
AIT402 170.8482598290598 125.67253980248888 125.09890134477845
FIT401 1.712464794871795 0.0001721199827442473 0.00016847072152497143
LIT401 960.4849863247864 1636.5698821704111 3491.8800486876307
AIT501 7.876938123931625 0.0006320188932538731 0.0006249637152943956
AIT502 158.88310683760682 139.84801586781649 139.37980779232046
AIT503 265.6526239316239 25.02146179088026 26.776781986254697
AIT504 11.674357478632478 0.6609137277855228 0.658163794532092
FIT501 1.7225656794871795 0.00018753671908103173 0.00018150010512397308
FIT502 1.2789536282051281 0.0004372940765156148 0.0004390185505515482
FIT503 0.7380536076923077 2.4697915123274204e-05 2.480171925783719e-05
FIT504 0.3077344470085471 3.925475423516684e-06 3.6219382360864696e-06
PIT501 252.67347435897432 10.246670006351081 10.136229635486183
PIT502 1.1999849205128206 0.03497438696857779 0.03560015593065864
PIT503 191.62574957264954 8.742822330704941 8.663351887381394
FIT601 5.997871794871794e-05 3.1941068867666005e-09 0.02175972710046934
P602
1->2
FIT101 2.525948893442623 0.057943008906701766 1.29963667881976
LIT101 510.43707295081964 1074.0788063270554 13174.661175168394
AIT201 263.8013663934426 22.61443409600174 23.300511368653552
AIT202 8.354738885245903 0.00025583831849502575 0.007008180280209719
AIT203 348.1249016393442 1856.148803670325 2068.5734037631382
FIT201 2.424492114754098 0.048663045684167155 1.1312879873978827
DPIT301 2.7014176803278684 0.018128809507414197 45.577975713844175
FIT301 0.06800156950819673 0.0011037247753338771 0.6786045405766207
LIT301 866.1467467213116 1109.353063517735 5082.999396390752
AIT401 126.8491803278689 2784.931390858628 2619.7066408160736
AIT402 170.77483032786884 127.08051806260481 125.09890134477845
FIT401 1.7121953852459015 0.00017374150553191355 0.00016847072152497143
LIT401 925.5397926229508 459.62230351248655 3491.8800486876307
AIT501 7.875408885245902 0.0005983102882163413 0.0006249637152943956
AIT502 158.74050901639345 140.6710419411482 139.37980779232046
AIT503 264.5231204918033 22.34091254359649 26.776781986254697
AIT504 11.636675901639343 0.6913522270454985 0.658163794532092
FIT501 1.7222433770491803 0.0001870280697922603 0.00018150010512397308
FIT502 1.2775094918032786 0.0005092505730532124 0.0004390185505515482
FIT503 0.7379489204918033 2.478763000998998e-05 2.480171925783719e-05
FIT504 0.30779955819672133 4.153931264236075e-06 3.6219382360864696e-06
PIT501 252.35949836065572 10.811141102948147 10.136229635486183
PIT502 1.1960391024590165 0.032730515841604677 0.03560015593065864
PIT503 191.34096639344264 9.155864319936175 8.663351887381394
FIT601 0.016951743991803277 4.742745588255336e-05 0.02175972710046934
2->1
FIT101 2.51443993442623 0.058898568288143216 1.29963667881976
LIT101 511.00784836065577 1125.4716189639726 13174.661175168394
AIT201 263.79401065573774 22.649251023247125 23.300511368653552
AIT202 8.355511057377049 0.0002444553588245775 0.007008180280209719
AIT203 347.74353770491797 1800.3787440887422 2068.5734037631382
FIT201 2.3440212894016392 0.2264682393021069 1.1312879873978827
DPIT301 0.03523975959016393 4.611474229195804e-05 45.577975713844175
FIT301 0.0023941995983606554 4.3914887360587584e-05 0.6786045405766207
LIT301 880.744399180328 1119.0385134566382 5082.999396390752
AIT401 126.84961311475412 2784.9503812195 2619.7066408160736
AIT402 170.746887704918 127.05278503829149 125.09890134477845
FIT401 1.711889729508197 0.00018245072227929306 0.00016847072152497143
LIT401 917.086406557377 461.95633364684255 3491.8800486876307
AIT501 7.875419442622951 0.0006024637942467063 0.0006249637152943956
AIT502 158.76257213114758 140.5550468382397 139.37980779232046
AIT503 264.4947614754098 22.197292523679803 26.776781986254697
AIT504 11.631002950819672 0.6766888213486695 0.658163794532092
FIT501 1.7218483770491804 0.0001895417441693093 0.00018150010512397308
FIT502 1.278137336065574 0.000547849772354273 0.0004390185505515482
FIT503 0.7377358836065573 2.511041324973126e-05 2.480171925783719e-05
FIT504 0.3077633344262295 3.4569503766836785e-06 3.6219382360864696e-06
PIT501 252.30683278688522 10.546987186302065 10.136229635486183
PIT502 1.1899991836065575 0.03667583036874876 0.03560015593065864
PIT503 191.28200163934426 8.996862133603862 8.663351887381394
FIT601 1.7373571967213113 5.739658239989377e-06 0.02175972710046934
